bias
b1c1: 2.064037   3
b1c2: 1.0271513  2
b2c1: 0.36547425 1
b2c2: 0.63375777 1
b3c1: 0.34949613 1
b3c2: 0.274845   1 
b3c3: 0.59477174 1 
b4c1: 0.3148451  1 
b4c2: 0.18237582 1 
b4c3: 0.33766547 1 
b5c1: 0.6397485  1
b5c2: 0.9171057  1
b5c3£º9.431553   5

kernel
b1c1: 0.67140007 1
b1c2: 0.28917095
b2c1: 0.41661108
b2c2: 0.27737573
b3c1: 0.54441082
b3c2: 0.45931634
b3c3: 0.39153737
b4c1: 0.31388226
b4c2: 0.33766001
b4c3: 0.25623572
b5c1: 0.19044439
b5c2: 0.20515127
b5c3£º0.28699666